{
 "cells": [
  {
   "cell_type": "markdown",
   "id": "3e6b9e76",
   "metadata": {},
   "source": [
    "## G -Part"
   ]
  },
  {
   "cell_type": "markdown",
   "id": "f97edf0c",
   "metadata": {},
   "source": [
    "### Imports\n",
    "*Initialize the environment and the Linear Regression class*"
   ]
  },
  {
   "cell_type": "code",
   "execution_count": 1,
   "id": "eb4a13df",
   "metadata": {},
   "outputs": [],
   "source": [
    "from lin_reg import LinearRegression\n",
    "import numpy as np\n",
    "\n",
    "datafile = \"housing.csv\"\n",
    "model = LinearRegression()\n",
    "\n",
    "\n",
    "data = np.genfromtxt(datafile, delimiter=\",\", names=True, dtype=None, \n",
    "                     encoding=\"utf-8\",  missing_values=\"\", filling_values=np.nan)"
   ]
  },
  {
   "cell_type": "markdown",
   "id": "0be8bbe2",
   "metadata": {},
   "source": [
    "### Cleaning & Organizing\n",
    "*Remove incomplete rows*"
   ]
  },
  {
   "cell_type": "code",
   "execution_count": 2,
   "id": "56c411a5",
   "metadata": {},
   "outputs": [],
   "source": [
    "target_y = \"median_house_value\"\n",
    "num_features = [\n",
    "    \"longitude\", \"latitude\", \"housing_median_age\", \n",
    "    \"total_rooms\", \"total_bedrooms\", \"population\", \n",
    "    \"households\", \"median_income\"\n",
    "]\n",
    "cat_features = [\"ocean_proximity\"]\n",
    "all_features = [target_y] + num_features + cat_features\n",
    "\n",
    "mask = np.ones(len(data), dtype=bool)\n",
    "\n",
    "for col in all_features:\n",
    "    if data[col].dtype.kind in \"fi\":\n",
    "        mask &= ~np.isnan(data[col])\n",
    "    else: \n",
    "        mask &= (data[col] != \"\") & (data[col] != \"nan\")\n",
    "\n",
    "clean_data = data[mask]"
   ]
  },
  {
   "cell_type": "markdown",
   "id": "e9dd38e9",
   "metadata": {},
   "source": [
    "### Extra - Cleaning stats\n",
    "*Summary of the data lost during the filtering process*"
   ]
  },
  {
   "cell_type": "code",
   "execution_count": 3,
   "id": "0457ddd7",
   "metadata": {},
   "outputs": [
    {
     "name": "stdout",
     "output_type": "stream",
     "text": [
      "Missing Values Before Cleaning:\n",
      "median_house_value: 0 missing values\n",
      "longitude: 0 missing values\n",
      "latitude: 0 missing values\n",
      "housing_median_age: 0 missing values\n",
      "total_rooms: 0 missing values\n",
      "total_bedrooms: 207 missing values\n",
      "population: 0 missing values\n",
      "households: 0 missing values\n",
      "median_income: 0 missing values\n",
      "ocean_proximity: 0 missing values\n",
      "\n",
      "Total rows before: 20640\n",
      "\n",
      "After Cleaning:\n",
      "Total rows remaining: 20433\n",
      "Total rows lost: 207\n"
     ]
    }
   ],
   "source": [
    "print(\"Missing Values Before Cleaning:\")\n",
    "for col in all_features:\n",
    "    if data[col].dtype.kind in \"fi\":\n",
    "        missing_count = np.sum(np.isnan(data[col]))\n",
    "    else:\n",
    "        missing_count = np.sum((data[col] == \"\") | (data[col] == \"nan\"))\n",
    "    print(f\"{col}: {missing_count} missing values\")\n",
    "\n",
    "print(f\"\\nTotal rows before: {len(data)}\")\n",
    "print(\"\\nAfter Cleaning:\")\n",
    "print(f\"Total rows remaining: {len(clean_data)}\")\n",
    "print(f\"Total rows lost: {len(data) - len(clean_data)}\")"
   ]
  },
  {
   "cell_type": "markdown",
   "id": "d88fb6e0",
   "metadata": {},
   "source": [
    "### Categorical Features\n",
    "*Transform text-based location data into binary numerical features*"
   ]
  },
  {
   "cell_type": "code",
   "execution_count": 4,
   "id": "3900958e",
   "metadata": {},
   "outputs": [
    {
     "name": "stdout",
     "output_type": "stream",
     "text": [
      "Unique categories:['<1H OCEAN' 'INLAND' 'ISLAND' 'NEAR BAY' 'NEAR OCEAN']\n",
      "<1H OCEAN:9034 houses\n",
      "INLAND:6496 houses\n",
      "ISLAND:5 houses\n",
      "NEAR BAY:2270 houses\n",
      "NEAR OCEAN:2628 houses\n",
      "Encoded: <1H OCEAN\n",
      "Encoded: INLAND\n",
      "Encoded: ISLAND\n",
      "Encoded: NEAR BAY\n",
      "Encoded shape: (20433, 4)\n"
     ]
    }
   ],
   "source": [
    "unique_cats = np.unique(clean_data[\"ocean_proximity\"])\n",
    "print(f\"Unique categories:{unique_cats}\")\n",
    "\n",
    "for cat in unique_cats:\n",
    "    count = 0\n",
    "    for row_value in clean_data[\"ocean_proximity\"]:\n",
    "        if row_value == cat:\n",
    "            count += 1\n",
    "    print(f\"{cat}:{count} houses\")\n",
    "\n",
    "\n",
    "cats_to_encode = unique_cats[:-1]\n",
    "encoded_list = []\n",
    "\n",
    "for cat in cats_to_encode:\n",
    "    binary_col = np.zeros(len(clean_data))\n",
    "    \n",
    "    for i in range(len(clean_data)):\n",
    "        if clean_data[\"ocean_proximity\"][i] == cat:\n",
    "            binary_col[i] = 1\n",
    "    \n",
    "    encoded_list.append(binary_col)\n",
    "    print(f\"Encoded: {cat}\")\n",
    "\n",
    "ocean_encoded = np.column_stack(encoded_list)\n",
    "print(f\"Encoded shape: {ocean_encoded.shape}\")"
   ]
  },
  {
   "cell_type": "markdown",
   "id": "92e44f11",
   "metadata": {},
   "source": [
    "### Preparing the data for the model\n",
    "*Constructing the feature matrix X and the target vector y*"
   ]
  },
  {
   "cell_type": "code",
   "execution_count": 5,
   "id": "78d0b46b",
   "metadata": {},
   "outputs": [],
   "source": [
    "y = clean_data[target_y]\n",
    "num_cols = []\n",
    "for feature in num_features:\n",
    "    num_cols.append(clean_data[feature])\n",
    "X_num = np.column_stack(num_cols)\n",
    "\n",
    "X_all = np.hstack([X_num, ocean_encoded])\n",
    "intercept = np.ones(len(y))\n",
    "X = np.column_stack([intercept, X_all])"
   ]
  },
  {
   "cell_type": "markdown",
   "id": "0a799f81",
   "metadata": {},
   "source": [
    "### Train and use the model\n",
    "*Executing the OLS fit and calculating standard error metrics*"
   ]
  },
  {
   "cell_type": "code",
   "execution_count": 6,
   "id": "d0549f36",
   "metadata": {},
   "outputs": [
    {
     "name": "stdout",
     "output_type": "stream",
     "text": [
      "n (sample size): 20433\n",
      "d (features): 12\n",
      "Variance (σ²): 4713776929.50\n",
      "Standard Deviation: 68656.95\n",
      "RMSE: 68635.11\n"
     ]
    }
   ],
   "source": [
    "model.fit(X,y)\n",
    "\n",
    "variance = model.variance_calc(X,y)\n",
    "std_dev = model.st_dev_calc(X,y)\n",
    "rmse = model.rmse_calc(X,y)\n",
    "\n",
    "print(f\"n (sample size): {model.n}\")\n",
    "print(f\"d (features): {model.d}\")\n",
    "print(f\"Variance (σ²): {variance:.2f}\")\n",
    "print(f\"Standard Deviation: {std_dev:.2f}\")\n",
    "print(f\"RMSE: {rmse:.2f}\")\n"
   ]
  },
  {
   "cell_type": "markdown",
   "id": "2eff3704",
   "metadata": {},
   "source": [
    "## VG Part"
   ]
  },
  {
   "cell_type": "markdown",
   "id": "95c7a179",
   "metadata": {},
   "source": [
    "### $R^2$\n",
    "*Evaluating the goodness of fit and how much variance the model captures*"
   ]
  },
  {
   "cell_type": "code",
   "execution_count": 7,
   "id": "54fa2ab3",
   "metadata": {},
   "outputs": [
    {
     "name": "stdout",
     "output_type": "stream",
     "text": [
      "R Squared : 0.65\n"
     ]
    }
   ],
   "source": [
    "r_squared = model.r_squared_calc(X,y)\n",
    "print(f\"R Squared : {r_squared:.2f}\")"
   ]
  },
  {
   "cell_type": "markdown",
   "id": "90c9f692",
   "metadata": {},
   "source": [
    "### F-Statistic & p-value\n",
    "*Testing the overall significance of the regression model*"
   ]
  },
  {
   "cell_type": "code",
   "execution_count": 8,
   "id": "46bc88c1",
   "metadata": {},
   "outputs": [
    {
     "name": "stdout",
     "output_type": "stream",
     "text": [
      "F-statistic: 3111.61 \n",
      "p_value:0.0000000000\n"
     ]
    }
   ],
   "source": [
    "f_stat, p_value = model.f_test(X,y)\n",
    "print(f\"F-statistic: {f_stat:.2f} \\np_value:{p_value:.10f}\")"
   ]
  },
  {
   "cell_type": "markdown",
   "id": "b47df52a",
   "metadata": {},
   "source": [
    "### Pearson Correlation\n",
    "*Analyzing linear relationships between feature pairs*"
   ]
  },
  {
   "cell_type": "code",
   "execution_count": 9,
   "id": "a0defddb",
   "metadata": {},
   "outputs": [
    {
     "name": "stdout",
     "output_type": "stream",
     "text": [
      "Correlation between features: [[ 1.         -0.92461611 -0.10935655  0.04548017  0.06960802  0.1002703\n",
      "   0.05651277 -0.01555015  0.32083106 -0.05533745  0.00950071 -0.47471371]\n",
      " [-0.92461611  1.          0.01189907 -0.03666681 -0.06698283 -0.10899734\n",
      "  -0.07177419 -0.07962632 -0.44692798  0.35108357 -0.01666228  0.35878451]\n",
      " [-0.10935655  0.01189907  1.         -0.3606283  -0.32045104 -0.2957873\n",
      "  -0.30276797 -0.11827772  0.04555326 -0.23696771  0.01710531  0.25614946]\n",
      " [ 0.04548017 -0.03666681 -0.3606283   1.          0.9303795   0.85728125\n",
      "   0.91899153  0.19788152 -0.00377684  0.0264775  -0.00760262 -0.02364721]\n",
      " [ 0.06960802 -0.06698283 -0.32045104  0.9303795   1.          0.87774674\n",
      "   0.97972827 -0.00772285  0.01831423 -0.00646289 -0.00436147 -0.01987349]\n",
      " [ 0.1002703  -0.10899734 -0.2957873   0.85728125  0.87774674  1.\n",
      "   0.9071859   0.00508662  0.07344951 -0.01960181 -0.01045053 -0.06147965]\n",
      " [ 0.05651277 -0.07177419 -0.30276797  0.91899153  0.97972827  0.9071859\n",
      "   1.          0.01343389  0.04188314 -0.03826464 -0.00911926 -0.01127954]\n",
      " [-0.01555015 -0.07962632 -0.11827772  0.19788152 -0.00772285  0.00508662\n",
      "   0.01343389  1.          0.16871533 -0.23753595 -0.00928144  0.0566767 ]\n",
      " [ 0.32083106 -0.44692798  0.04555326 -0.00377684  0.01831423  0.07344951\n",
      "   0.04188314  0.16871533  1.         -0.60777807 -0.01392768 -0.31472106]\n",
      " [-0.05533745  0.35108357 -0.23696771  0.0264775  -0.00646289 -0.01960181\n",
      "  -0.03826464 -0.23753595 -0.60777807  1.         -0.01068096 -0.24135566]\n",
      " [ 0.00950071 -0.01666228  0.01710531 -0.00760262 -0.00436147 -0.01045053\n",
      "  -0.00911926 -0.00928144 -0.01392768 -0.01068096  1.         -0.00553084]\n",
      " [-0.47471371  0.35878451  0.25614946 -0.02364721 -0.01987349 -0.06147965\n",
      "  -0.01127954  0.0566767  -0.31472106 -0.24135566 -0.00553084  1.        ]]\n"
     ]
    }
   ],
   "source": [
    "pearson = model.pearson_corr(X)\n",
    "print(f\"Correlation between features: {pearson}\")"
   ]
  },
  {
   "cell_type": "markdown",
   "id": "589041ae",
   "metadata": {},
   "source": [
    "### T-tests\n",
    "*Testing the individual significance of each coefficient*"
   ]
  },
  {
   "cell_type": "code",
   "execution_count": 10,
   "id": "d7c93ead",
   "metadata": {},
   "outputs": [
    {
     "name": "stdout",
     "output_type": "stream",
     "text": [
      "intercept           : -25.6395, 0.000000 [Significant]\n",
      "longitude           : -26.2963, 0.000000 [Significant]\n",
      "latitude            : -25.3629, 0.000000 [Significant]\n",
      "housing_median_age  : 24.4389, 0.000000 [Significant]\n",
      "total_rooms         : -7.8250, 0.000000 [Significant]\n",
      "total_bedrooms      : 14.6402, 0.000000 [Significant]\n",
      "population          : -35.2824, 0.000000 [Significant]\n",
      "households          : 6.6589, 0.000000 [Significant]\n",
      "median_income       : 116.1510, 0.000000 [Significant]\n",
      "ocean_<1H           : -2.7258, 0.006421 [Significant]\n",
      "ocean_INLAND        : -19.3633, 0.000000 [Significant]\n",
      "ocean_ISLAND        : 4.8327, 0.000001 [Significant]\n",
      "ocean_NEAR_BAY      : -3.7835, 0.000155 [Significant]\n"
     ]
    }
   ],
   "source": [
    "t_stats, p_values = model.t_tests(X,y)\n",
    "feature_names = ['intercept', 'longitude', 'latitude', 'housing_median_age', \n",
    "                 'total_rooms', 'total_bedrooms', 'population', 'households',\n",
    "                 'median_income', 'ocean_<1H', 'ocean_INLAND', 'ocean_ISLAND', \n",
    "                 'ocean_NEAR_BAY']\n",
    "\n",
    "for i in range(len(t_stats)):\n",
    "    sig = \"Significant\" if p_values[i] <0.05 else \"NOT significant\"\n",
    "    print(f\"{feature_names[i]:20s}: {t_stats[i]:.4f}, {p_values[i]:.6f} [{sig}]\")\n",
    "\n"
   ]
  },
  {
   "cell_type": "markdown",
   "id": "f34d0ca8",
   "metadata": {},
   "source": [
    "### Extra - Analyzing high correlations:\n",
    "*Highest collinearity and significance*"
   ]
  },
  {
   "cell_type": "code",
   "execution_count": 25,
   "id": "d2a45846",
   "metadata": {},
   "outputs": [
    {
     "name": "stdout",
     "output_type": "stream",
     "text": [
      "Strongest correlations between features:\n",
      "----------------------------------------------\n",
      "total_bedrooms     & households        : 0.98\n",
      "total_rooms        & total_bedrooms    : 0.93\n",
      "longitude          & latitude          : -0.92\n",
      "total_rooms        & households        : 0.92\n",
      "population         & households        : 0.91\n",
      "total_bedrooms     & population        : 0.88\n",
      "total_rooms        & population        : 0.86\n",
      "\n",
      "Feature              | Impact (T-Stat)\n",
      "---------------------------------------\n",
      "median_income        |          116.15\n",
      "population           |           35.28\n",
      "longitude            |           26.30\n",
      "latitude             |           25.36\n",
      "housing_median_age   |           24.44\n"
     ]
    }
   ],
   "source": [
    "corr_matrix = model.pearson_corr(X)\n",
    "actual_features = feature_names[1:]\n",
    "high_corr_list = []\n",
    "\n",
    "for i in range(len(actual_features)):\n",
    "    for j in range(i + 1, len(actual_features)):\n",
    "        correlation = corr_matrix[i, j]\n",
    "        if abs(correlation) > 0.85:\n",
    "            high_corr_list.append((actual_features[i], actual_features[j], correlation))\n",
    "\n",
    "high_corr_list.sort(key=lambda x: abs(x[2]), reverse=True)\n",
    "\n",
    "print(\"Strongest correlations between features:\")\n",
    "print(\"----------------------------------------------\")\n",
    "\n",
    "for feat_a, feat_b, val in high_corr_list:\n",
    "    print(f\"{feat_a:18s} & {feat_b:18s}: {val:.2f}\")\n",
    "\n",
    "#---------------------------------------------------------------------------------------\n",
    "\n",
    "t_stats, _ = model.t_tests(X, y)\n",
    "\n",
    "impact_list = []\n",
    "for i in range(1, len(feature_names)):\n",
    "    impact_list.append((feature_names[i], abs(t_stats[i])))\n",
    "\n",
    "impact_list.sort(key=lambda x: x[1], reverse=True)\n",
    "top_5 = impact_list[:5]\n",
    "print (\"\")\n",
    "print(f\"{'Feature':20s} | {'Impact (T-Stat)':>15s}\")\n",
    "print(\"---------------------------------------\")\n",
    "\n",
    "for name, impact in top_5:\n",
    "    print(f\"{name:20s} | {impact:15.2f}\")"
   ]
  },
  {
   "cell_type": "markdown",
   "id": "b89c72f4",
   "metadata": {},
   "source": [
    "### Confidence Intervals\n",
    "*Calculating the range of likely values for each parameter*"
   ]
  },
  {
   "cell_type": "code",
   "execution_count": null,
   "id": "0d4477ff",
   "metadata": {},
   "outputs": [
    {
     "name": "stdout",
     "output_type": "stream",
     "text": [
      "Feature              | Lower bound | Upper bound\n",
      "------------------------------------------------\n",
      "intercept            | -2438881.36 | -2092470.60\n",
      "longitude            |   -28811.59 |   -24814.39\n",
      "latitude             |   -27451.48 |   -23512.89\n",
      "housing_median_age   |      986.50 |     1158.54\n",
      "total_rooms          |       -7.74 |       -4.64\n",
      "total_bedrooms       |       87.09 |      114.02\n",
      "population           |      -40.08 |      -35.86\n",
      "households           |       35.01 |       64.22\n",
      "median_income        |    38597.06 |    39922.09\n",
      "ocean_<1H            |    -7354.53 |    -1201.74\n",
      "ocean_INLAND         |   -47972.11 |   -39152.75\n",
      "ocean_ISLAND         |    88344.04 |   208903.57\n",
      "ocean_NEAR_BAY       |   -12496.91 |    -3967.47\n"
     ]
    }
   ],
   "source": [
    "lower, upper = model.confidence_interval(X,y,alpha=0.05)\n",
    "\n",
    "\n",
    "print(f\"Feature              | Lower bound | Upper bound\")\n",
    "print(\"------------------------------------------------\")\n",
    "\n",
    "for i in range(len(feature_names)):\n",
    "    name = feature_names[i]\n",
    "    low = lower[i]\n",
    "    high = upper[i]\n",
    "\n",
    "    print(f\"{name:20s} | {low:11.2f} | {high:11.2f}\")"
   ]
  }
 ],
 "metadata": {
  "kernelspec": {
   "display_name": "Python 3",
   "language": "python",
   "name": "python3"
  },
  "language_info": {
   "codemirror_mode": {
    "name": "ipython",
    "version": 3
   },
   "file_extension": ".py",
   "mimetype": "text/x-python",
   "name": "python",
   "nbconvert_exporter": "python",
   "pygments_lexer": "ipython3",
   "version": "3.13.7"
  }
 },
 "nbformat": 4,
 "nbformat_minor": 5
}
